0.094216 0.081971 0.036918 0.039028 0.037778 0.039848 0.036600 0.080273 0.000000 0.000000 0.006790 0.006845 0.006707 0.006532 0.019794 0.019243
0.081971 0.111526 0.063110 0.056758 0.040229 0.042501 0.038799 0.078197 0.000000 0.000000 0.006841 0.006915 0.006847 0.006767 0.020959 0.020183
0.036918 0.063110 0.079411 0.061670 0.037044 0.038455 0.037517 0.038933 0.000000 0.000000 0.008053 0.008206 0.008180 0.008182 0.024967 0.024940
0.039028 0.056758 0.061670 0.110462 0.081943 0.078175 0.035581 0.040455 0.000000 0.000000 0.006658 0.006741 0.006683 0.006620 0.021362 0.020322
0.037778 0.040229 0.037044 0.081943 0.094216 0.081252 0.034549 0.038018 0.000000 0.000000 0.007042 0.007150 0.007062 0.006900 0.021289 0.020494
0.039848 0.042501 0.038455 0.078175 0.081252 0.111526 0.061461 0.057532 0.000000 0.000000 0.006961 0.007053 0.006981 0.006887 0.021849 0.021302
0.036600 0.038799 0.037517 0.035581 0.034549 0.061461 0.079411 0.062539 0.000000 0.000000 0.008301 0.008310 0.008120 0.007988 0.026042 0.024363
0.080273 0.078197 0.038933 0.040455 0.038018 0.057532 0.062539 0.110462 0.000000 0.000000 0.006674 0.006768 0.006688 0.006592 0.020411 0.019986
0.000000 0.000000 0.000000 0.000000 0.000000 0.000000 0.000000 0.000000 0.000000 0.000000 0.000000 0.000000 0.000000 0.000000 0.000000 0.000000
0.000000 0.000000 0.000000 0.000000 0.000000 0.000000 0.000000 0.000000 0.000000 0.000000 0.000000 0.000000 0.000000 0.000000 0.000000 0.000000
0.006790 0.006841 0.008053 0.006658 0.007042 0.006961 0.008301 0.006674 0.000000 0.000000 0.004990 0.004572 0.003761 0.003146 0.010650 0.009228
0.006845 0.006915 0.008206 0.006741 0.007150 0.007053 0.008310 0.006768 0.000000 0.000000 0.004572 0.004997 0.004477 0.003780 0.010302 0.009752
0.006707 0.006847 0.008180 0.006683 0.007062 0.006981 0.008120 0.006688 0.000000 0.000000 0.003761 0.004477 0.004812 0.004460 0.009758 0.010018
0.006532 0.006767 0.008182 0.006620 0.006900 0.006887 0.007988 0.006592 0.000000 0.000000 0.003146 0.003780 0.004460 0.004899 0.009182 0.010265
0.019794 0.020959 0.024967 0.021362 0.021289 0.021849 0.026042 0.020411 0.000000 0.000000 0.010650 0.010302 0.009758 0.009182 0.059697 0.026160
0.019243 0.020183 0.024940 0.020322 0.020494 0.021302 0.024363 0.019986 0.000000 0.000000 0.009228 0.009752 0.010018 0.010265 0.026160 0.081198
